   0.0000000000000000        0.0000000000000000        0.0000000000000000        0.0000000000000000        0.0000000000000000     
   0.0000000000000000        0.0000000000000000        0.0000000000000000        0.0000000000000000        0.0000000000000000     
   0.0000000000000000        0.0000000000000000        0.0000000000000000        0.0000000000000000        0.0000000000000000     
   0.0000000000000000        0.0000000000000000        0.0000000000000000        0.0000000000000000        0.0000000000000000     
   0.0000000000000000        0.0000000000000000        0.0000000000000000        0.0000000000000000       0.20000000000000001     
   0.0000000000000000        0.0000000000000000        0.0000000000000000        0.0000000000000000        0.0000000000000000     
   0.0000000000000000        0.0000000000000000        0.0000000000000000        0.0000000000000000        0.0000000000000000     
   0.0000000000000000        0.0000000000000000        0.0000000000000000        0.0000000000000000        0.0000000000000000     
   0.0000000000000000        0.0000000000000000        0.0000000000000000       0.18708286933869711       0.10000000000000002     
   0.0000000000000000        0.0000000000000000        0.0000000000000000       0.10000000000000002      -0.16329931618554519     
   0.0000000000000000        0.0000000000000000        0.0000000000000000        0.0000000000000000        0.0000000000000000     
   0.0000000000000000        0.0000000000000000        0.0000000000000000        0.0000000000000000        0.0000000000000000     
   0.0000000000000000        0.0000000000000000       0.15275252316519469       0.15275252316519469        4.3643578047198477E-002
   0.0000000000000000        0.0000000000000000       0.15275252316519469       -9.9999999999999978E-002 -0.10690449676496978     
   0.0000000000000000        0.0000000000000000        4.3643578047198477E-002 -0.10690449676496978       0.13997084244475302     
   0.0000000000000000        0.0000000000000000        0.0000000000000000        0.0000000000000000        0.0000000000000000     
   0.0000000000000000        0.0000000000000000       0.18708286933869711       0.10000000000000002        0.0000000000000000     
   0.0000000000000000       0.18708286933869711        0.0000000000000000      -0.13363062095621220       -5.3452248382484885E-002
   0.0000000000000000       0.10000000000000002      -0.13363062095621220        5.8321184351980436E-002  0.10497813183356479     
   0.0000000000000000        0.0000000000000000       -5.3452248382484885E-002  0.10497813183356479      -0.12371791482634842     
   0.0000000000000000        0.0000000000000000       0.20000000000000001        0.0000000000000000        0.0000000000000000     
   0.0000000000000000       0.15275252316519469       -9.9999999999999978E-002 -0.10690449676496978        0.0000000000000000     
  0.20000000000000001       -9.9999999999999978E-002  -4.2857142857142851E-002  0.11428571428571432        5.7142857142857155E-002
   0.0000000000000000      -0.10690449676496978       0.11428571428571432       -3.4992710611188263E-002 -0.10101525445522110     
   0.0000000000000000        0.0000000000000000        5.7142857142857155E-002 -0.10101525445522110       0.11167656571008165     
   0.0000000000000000       0.10000000000000002      -0.16329931618554519        0.0000000000000000        0.0000000000000000     
  0.10000000000000002      -0.13363062095621220        5.8321184351980436E-002  0.10497813183356479        0.0000000000000000     
 -0.16329931618554519        5.8321184351980436E-002   5.8321184351980436E-002  -9.9146013398366761E-002  -5.8321184351980436E-002
   0.0000000000000000       0.10497813183356479       -9.9146013398366761E-002   2.0619652471058049E-002   9.6714742912332868E-002
   0.0000000000000000        0.0000000000000000       -5.8321184351980436E-002   9.6714742912332868E-002 -0.10235326314383181     
   4.3643578047198477E-002 -0.10690449676496978       0.13997084244475302        0.0000000000000000        0.0000000000000000     
 -0.10690449676496978       0.11428571428571432       -3.4992710611188263E-002 -0.10101525445522110        0.0000000000000000     
  0.13997084244475302       -3.4992710611188263E-002  -6.4153302787178471E-002   8.7481776527970623E-002   5.8321184351980436E-002
   0.0000000000000000      -0.10101525445522110        8.7481776527970623E-002  -1.1167656571008155E-002  -9.2582009977255172E-002
   0.0000000000000000        0.0000000000000000        5.8321184351980436E-002  -9.2582009977255172E-002   9.4891142918235541E-002
  -5.3452248382484885E-002  0.10497813183356479      -0.12371791482634842        0.0000000000000000        0.0000000000000000     
  0.10497813183356479       -9.9146013398366761E-002   2.0619652471058049E-002   9.6714742912332868E-002   0.0000000000000000     
 -0.12371791482634842        2.0619652471058049E-002   6.5982887907385768E-002  -7.8354679390020693E-002  -5.7735026918962581E-002
   0.0000000000000000        9.6714742912332868E-002  -7.8354679390020693E-002   4.6524210519923517E-003   8.8762536459859445E-002
   0.0000000000000000        0.0000000000000000       -5.7735026918962581E-002   8.8762536459859445E-002  -8.8762536459859445E-002
   5.7142857142857155E-002 -0.10101525445522110       0.11167656571008165        0.0000000000000000        0.0000000000000000     
 -0.10101525445522110        8.7481776527970623E-002  -1.1167656571008155E-002  -9.2582009977255172E-002   0.0000000000000000     
  0.11167656571008165       -1.1167656571008155E-002  -6.5990697919593694E-002   7.1066905451870166E-002   5.6853524361496093E-002
   0.0000000000000000       -9.2582009977255172E-002   7.1066905451870166E-002   0.0000000000000000       -8.5280286542244163E-002
   0.0000000000000000        0.0000000000000000        5.6853524361496093E-002  -8.5280286542244163E-002   8.3624201000709095E-002
  -5.8321184351980436E-002   9.6714742912332868E-002 -0.10235326314383181        0.0000000000000000        0.0000000000000000     
   9.6714742912332868E-002  -7.8354679390020693E-002   4.6524210519923517E-003   8.8762536459859445E-002   0.0000000000000000     
 -0.10235326314383181        4.6524210519923517E-003   6.5133894727892938E-002  -6.5133894727892966E-002  -5.5829052623908249E-002
   0.0000000000000000        8.8762536459859445E-002  -6.5133894727892966E-002  -3.4139437099946143E-003   8.2117335217703841E-002
   0.0000000000000000        0.0000000000000000       -5.5829052623908249E-002   8.2117335217703841E-002  -7.9242885175032751E-002
   5.8321184351980436E-002  -9.2582009977255172E-002   9.4891142918235541E-002   0.0000000000000000        0.0000000000000000     
  -9.2582009977255172E-002   7.1066905451870166E-002   0.0000000000000000       -8.5280286542244163E-002   0.0000000000000000     
   9.4891142918235541E-002   0.0000000000000000       -6.3869038502658473E-002   6.0219379159649492E-002   5.4744890145135880E-002
   0.0000000000000000       -8.5280286542244163E-002   6.0219379159649492E-002   5.9731572143363609E-003  -7.9242885175032751E-002
   0.0000000000000000        0.0000000000000000        5.4744890145135880E-002  -7.9242885175032751E-002   7.5454319059831437E-002
  -5.7735026918962581E-002   8.8762536459859445E-002  -8.8762536459859445E-002   0.0000000000000000        0.0000000000000000     
   8.8762536459859445E-002  -6.5133894727892966E-002  -3.4139437099946143E-003   8.2117335217703841E-002   0.0000000000000000     
  -8.8762536459859445E-002  -3.4139437099946143E-003   6.2426399268472585E-002  -5.6086218092768314E-002  -5.3647686871343643E-002
   0.0000000000000000        8.2117335217703841E-002  -5.6086218092768314E-002  -7.9242885175032432E-003   7.6624223229715682E-002
   0.0000000000000000        0.0000000000000000       -5.3647686871343643E-002   7.6624223229715682E-002  -7.2139320988300573E-002
   5.6853524361496093E-002  -8.5280286542244163E-002   8.3624201000709095E-002   0.0000000000000000        0.0000000000000000     
  -8.5280286542244163E-002   6.0219379159649492E-002   5.9731572143363609E-003  -7.9242885175032751E-002   0.0000000000000000     
   8.3624201000709095E-002   5.9731572143363609E-003  -6.0926203586230840E-002   5.2563783486160025E-002   5.2563783486159997E-002
   0.0000000000000000       -7.9242885175032751E-002   5.2563783486160025E-002   9.4317898824789054E-003  -7.4230748895809037E-002
   0.0000000000000000        0.0000000000000000        5.2563783486159997E-002  -7.4230748895809037E-002   6.9209218796245350E-002
  -5.5829052623908249E-002   8.2117335217703841E-002  -7.9242885175032751E-002   0.0000000000000000        0.0000000000000000     
   8.2117335217703841E-002  -5.6086218092768314E-002  -7.9242885175032432E-003   7.6624223229715682E-002   0.0000000000000000     
  -7.9242885175032751E-002  -7.9242885175032432E-003   5.9432163881274563E-002  -4.9526803234395483E-002  -5.1507875363771292E-002
   0.0000000000000000        7.6624223229715682E-002  -4.9526803234395483E-002  -1.0608723674750076E-002   7.2035238808878105E-002
   0.0000000000000000        0.0000000000000000       -5.1507875363771292E-002   7.2035238808878105E-002  -6.6596601837359881E-002
   5.4744890145135880E-002  -7.9242885175032751E-002   7.5454319059831437E-002   0.0000000000000000        0.0000000000000000     
  -7.9242885175032751E-002   5.2563783486160025E-002   9.4317898824789054E-003  -7.4230748895809037E-002   0.0000000000000000     
   7.5454319059831437E-002   9.4317898824789054E-003  -5.7977767218767524E-002   4.6881543827615821E-002   5.0487816429740144E-002
   0.0000000000000000       -7.4230748895809037E-002   4.6881543827615821E-002   1.1534869799374223E-002  -7.0014004201400470E-002
   0.0000000000000000        0.0000000000000000        5.0487816429740144E-002  -7.0014004201400470E-002   6.4249256620323547E-002
  -5.3647686871343643E-002   7.6624223229715682E-002  -7.2139320988300573E-002   0.0000000000000000        0.0000000000000000     
   7.6624223229715682E-002  -4.9526803234395483E-002  -1.0608723674750076E-002   7.2035238808878105E-002   0.0000000000000000     
  -7.2139320988300573E-002  -1.0608723674750076E-002   5.6579859598667112E-002  -4.4556639433950357E-002  -4.9507377148833721E-002
   0.0000000000000000        7.2035238808878105E-002  -4.4556639433950357E-002  -1.2267795075303130E-002   6.8146627563638207E-002
   0.0000000000000000        0.0000000000000000       -4.9507377148833721E-002   6.8146627563638207E-002  -6.2126074419739573E-002
   5.2563783486159997E-002  -7.4230748895809037E-002   6.9209218796245350E-002   0.0000000000000000        0.0000000000000000     
  -7.4230748895809037E-002   4.6881543827615821E-002   1.1534869799374223E-002  -7.0014004201400470E-002   0.0000000000000000     
   6.9209218796245350E-002   1.1534869799374223E-002  -5.5245955354897534E-002   4.2496888734536595E-002   4.8567872839470387E-002
   0.0000000000000000       -7.0014004201400470E-002   4.2496888734536595E-002   1.2849851324064701E-002  -6.6415567218253202E-002
   0.0000000000000000        0.0000000000000000        4.8567872839470387E-002  -6.6415567218253202E-002   6.0194219610124486E-002
  -5.1507875363771292E-002   7.2035238808878105E-002  -6.6596601837359881E-002   0.0000000000000000        0.0000000000000000     
   7.2035238808878105E-002  -4.4556639433950357E-002  -1.2267795075303130E-002   6.8146627563638207E-002   0.0000000000000000     
  -6.6596601837359881E-002  -1.2267795075303130E-002   5.3978298331333809E-002  -4.0658977963861850E-002  -4.7669146578320769E-002
   0.0000000000000000        6.8146627563638207E-002  -4.0658977963861850E-002  -1.3312730232801349E-002   6.4805749569222595E-002
   0.0000000000000000        0.0000000000000000       -4.7669146578320769E-002   6.4805749569222595E-002  -5.8427126645205191E-002
   5.0487816429740144E-002  -7.0014004201400470E-002   6.4249256620323547E-002   0.0000000000000000        0.0000000000000000     
  -7.0014004201400470E-002   4.2496888734536595E-002   1.2849851324064701E-002  -6.6415567218253202E-002   0.0000000000000000     
   6.4249256620323547E-002   1.2849851324064701E-002  -5.2776175080980037E-002   3.9008477233767880E-002   4.6810172680521470E-002
   0.0000000000000000       -6.6415567218253202E-002   3.9008477233767880E-002   1.3680504456846460E-002  -6.3304195360799703E-002
   0.0000000000000000        0.0000000000000000        4.6810172680521470E-002  -6.3304195360799703E-002   5.6803055177681701E-002
  -4.9507377148833721E-002   6.8146627563638207E-002  -6.2126074419739573E-002   0.0000000000000000        0.0000000000000000     
   6.8146627563638207E-002  -4.0658977963861850E-002  -1.3312730232801349E-002   6.4805749569222595E-002   0.0000000000000000     
  -6.2126074419739573E-002  -1.3312730232801349E-002   5.1637256660562722E-002  -3.7517694292440146E-002  -4.5989431713313704E-002
   0.0000000000000000        6.4805749569222595E-002  -3.7517694292440146E-002  -1.3971704197766451E-002   6.1899694300969872E-002
   0.0000000000000000        0.0000000000000000       -4.5989431713313704E-002   6.1899694300969872E-002  -5.5304029394170874E-002
   4.8567872839470387E-002  -6.6415567218253202E-002   6.0194219610124486E-002   0.0000000000000000        0.0000000000000000     
  -6.6415567218253202E-002   3.9008477233767880E-002   1.3680504456846460E-002  -6.3304195360799703E-002   0.0000000000000000     
   6.0194219610124486E-002   1.3680504456846460E-002  -5.0558386036171750E-002   3.6164116129402853E-002   4.5205145161753564E-002
   0.0000000000000000       -6.3304195360799703E-002   3.6164116129402853E-002   1.4200763794420420E-002  -6.0582528840232318E-002
   0.0000000000000000        0.0000000000000000        4.5205145161753564E-002  -6.0582528840232318E-002   5.3915047047523264E-002
  -4.7669146578320769E-002   6.4805749569222595E-002  -5.8427126645205191E-002   0.0000000000000000        0.0000000000000000     
   6.4805749569222595E-002  -3.7517694292440146E-002  -1.3971704197766451E-002   6.1899694300969872E-002   0.0000000000000000     
  -5.8427126645205191E-002  -1.3971704197766451E-002   4.9536042155717414E-002  -3.4929260494416123E-002  -4.4455422447438699E-002
   0.0000000000000000        6.1899694300969872E-002  -3.4929260494416123E-002  -1.4379047642484384E-002   5.9344242605620878E-002
   0.0000000000000000        0.0000000000000000       -4.4455422447438699E-002   5.9344242605620878E-002  -5.2623481158421768E-002
   4.6810172680521470E-002  -6.3304195360799703E-002   5.6803055177681701E-002   0.0000000000000000        0.0000000000000000     
  -6.3304195360799703E-002   3.6164116129402853E-002   1.4200763794420420E-002  -6.0582528840232318E-002   0.0000000000000000     
   5.6803055177681701E-002   1.4200763794420420E-002  -4.8566612176917864E-002   3.3797817830720625E-002   4.3738352486814937E-002
   0.0000000000000000       -6.0582528840232318E-002   3.3797817830720625E-002   1.4515589589717812E-002  -5.8177447388273990E-002
   0.0000000000000000        0.0000000000000000        4.3738352486814937E-002  -5.8177447388273990E-002   5.1418621567236207E-002
  -4.5989431713313704E-002   6.1899694300969872E-002  -5.5304029394170874E-002   0.0000000000000000        0.0000000000000000     
   6.1899694300969872E-002  -3.4929260494416123E-002  -1.4379047642484384E-002   5.9344242605620878E-002   0.0000000000000000     
  -5.5304029394170874E-002  -1.4379047642484384E-002   4.7646548401131909E-002  -3.2757002025778151E-002  -4.3052059805308455E-002
   0.0000000000000000        5.9344242605620878E-002  -3.2757002025778151E-002  -1.4617633655117132E-002   5.7075662568482372E-002
   0.0000000000000000        0.0000000000000000       -4.3052059805308455E-002   5.7075662568482372E-002  -5.0291319478923006E-002
   4.5205145161753564E-002  -6.0582528840232318E-002   5.3915047047523264E-002   0.0000000000000000        0.0000000000000000     
  -6.0582528840232318E-002   3.3797817830720625E-002   1.4515589589717812E-002  -5.8177447388273990E-002   0.0000000000000000     
   5.3915047047523264E-002   1.4515589589717812E-002  -4.6772455344646247E-002   3.1796053387000908E-002   4.2394737849334535E-002
   0.0000000000000000       -5.8177447388273990E-002   3.1796053387000908E-002   1.4691034733496040E-002  -5.6033181468052584E-002
   0.0000000000000000        0.0000000000000000        4.2394737849334535E-002  -5.6033181468052584E-002   4.9233708868850416E-002
  -4.4455422447438699E-002   5.9344242605620878E-002  -5.2623481158421768E-002   0.0000000000000000        0.0000000000000000     
   5.9344242605620878E-002  -3.2757002025778151E-002  -1.4617633655117132E-002   5.7075662568482372E-002   0.0000000000000000     
  -5.2623481158421768E-002  -1.4617633655117132E-002   4.5941134344653918E-002  -3.0905854013676251E-002  -4.1764667586049020E-002
   0.0000000000000000        5.7075662568482372E-002  -3.0905854013676251E-002  -1.4740559157615359E-002   5.5044959907591881E-002
   0.0000000000000000        0.0000000000000000       -4.1764667586049020E-002   5.5044959907591881E-002  -4.8238985949368901E-002
   4.3738352486814937E-002  -5.8177447388273990E-002   5.1418621567236207E-002   0.0000000000000000        0.0000000000000000     
  -5.8177447388273990E-002   3.1796053387000908E-002   1.4691034733496040E-002  -5.6033181468052584E-002   0.0000000000000000     
   5.1418621567236207E-002   1.4691034733496040E-002  -4.5149602435270178E-002   3.0078627148321661E-002   4.1160226624019088E-002
   0.0000000000000000       -5.6033181468052584E-002   3.0078627148321661E-002   1.4770112660655119E-002  -5.4106523025599915E-002
   0.0000000000000000        0.0000000000000000        4.1160226624019088E-002  -5.4106523025599915E-002   4.7301232989225242E-002
  -4.3052059805308455E-002   5.7075662568482372E-002  -5.0291319478923006E-002   0.0000000000000000        0.0000000000000000     
   5.7075662568482372E-002  -3.0905854013676251E-002  -1.4740559157615359E-002   5.5044959907591881E-002   0.0000000000000000     
  -5.0291319478923006E-002  -1.4740559157615359E-002   4.4395095815876862E-002  -2.9307699972199962E-002  -4.0579892269199939E-002
   0.0000000000000000        5.5044959907591881E-002  -2.9307699972199962E-002  -1.4782915049000128E-002   5.3213887112878396E-002
   0.0000000000000000        0.0000000000000000       -4.0579892269199939E-002   5.3213887112878396E-002  -4.6415276366562036E-002
   4.2394737849334535E-002  -5.6033181468052584E-002   4.9233708868850416E-002   0.0000000000000000        0.0000000000000000     
  -5.6033181468052584E-002   3.0078627148321661E-002   1.4770112660655119E-002  -5.4106523025599915E-002   0.0000000000000000     
   4.9233708868850416E-002   1.4770112660655119E-002  -4.3675064319141477E-002   2.8587314827074453E-002   4.0022240757904205E-002
   0.0000000000000000       -5.4106523025599915E-002   2.8587314827074453E-002   1.4781635309132860E-002  -5.2363493808864292E-002
   0.0000000000000000        0.0000000000000000        4.0022240757904205E-002  -5.2363493808864292E-002   4.5576571299488958E-002
  -4.1764667586049020E-002   5.5044959907591881E-002  -4.8238985949368901E-002   0.0000000000000000        0.0000000000000000     
   5.5044959907591881E-002  -2.9307699972199962E-002  -1.4782915049000128E-002   5.3213887112878396E-002   0.0000000000000000     
  -4.8238985949368901E-002  -1.4782915049000128E-002   4.2987160866171513E-002  -2.7912477756993709E-002  -3.9485944144039865E-002
   0.0000000000000000        5.3213887112878396E-002  -2.7912477756993709E-002  -1.4768497025724272E-002   5.1552154498440535E-002
   0.0000000000000000        0.0000000000000000       -3.9485944144039865E-002   5.1552154498440535E-002  -4.4781107551989906E-002
   4.1160226624019088E-002  -5.4106523025599915E-002   4.7301232989225242E-002   0.0000000000000000        0.0000000000000000     
  -5.4106523025599915E-002   2.8587314827074453E-002   1.4781635309132860E-002  -5.2363493808864292E-002   0.0000000000000000     
   4.7301232989225242E-002   1.4781635309132860E-002  -4.2329228385244166E-002   2.7278836070490680E-002   3.8969765814986713E-002
   0.0000000000000000       -5.2363493808864292E-002   2.7278836070490680E-002   1.4745361302775813E-002  -5.0777003149972182E-002
   0.0000000000000000        0.0000000000000000        3.8969765814986713E-002  -5.0777003149972182E-002   4.4025331769215588E-002
  -4.0579892269199939E-002   5.3213887112878396E-002  -4.6415276366562036E-002   0.0000000000000000        0.0000000000000000     
   5.3213887112878396E-002  -2.7912477756993709E-002  -1.4768497025724272E-002   5.1552154498440535E-002   0.0000000000000000     
  -4.6415276366562036E-002  -1.4768497025724272E-002   4.1699285719692086E-002  -2.6682578659922022E-002  -3.8472555277096872E-002
   0.0000000000000000        5.1552154498440535E-002  -2.6682578659922022E-002  -1.4713792481368129E-002   5.0035456161553811E-002
   0.0000000000000000        0.0000000000000000       -3.8472555277096872E-002   5.0035456161553811E-002  -4.3306083099260172E-002
   4.0022240757904205E-002  -5.2363493808864292E-002   4.5576571299488958E-002   0.0000000000000000        0.0000000000000000     
  -5.2363493808864292E-002   2.7278836070490680E-002   1.4745361302775813E-002  -5.0777003149972182E-002   0.0000000000000000     
   4.5576571299488958E-002   1.4745361302775813E-002  -4.1095513449035004E-002   2.6120354307774318E-002   3.7993242629489971E-002
   0.0000000000000000       -5.0777003149972182E-002   2.6120354307774318E-002   1.4675110589738524E-002  -4.9325178046061915E-002
   0.0000000000000000        0.0000000000000000        3.7993242629489971E-002  -4.9325178046061915E-002   4.2620539507835412E-002
  -3.9485944144039865E-002   5.1552154498440535E-002  -4.4781107551989906E-002   0.0000000000000000        0.0000000000000000     
   5.1552154498440535E-002  -2.6682578659922022E-002  -1.4713792481368129E-002   5.0035456161553811E-002   0.0000000000000000     
  -4.4781107551989906E-002  -1.4713792481368129E-002   4.0516240166086084E-002  -2.5589204315422782E-002  -3.7530832995953452E-002
   0.0000000000000000        5.0035456161553811E-002  -2.5589204315422782E-002  -1.4630433479479787E-002   4.8644051998319643E-002
   0.0000000000000000        0.0000000000000000       -3.7530832995953452E-002   4.8644051998319643E-002  -4.1966172757311328E-002
   3.8969765814986713E-002  -5.0777003149972182E-002   4.4025331769215588E-002   0.0000000000000000        0.0000000000000000     
  -5.0777003149972182E-002   2.6120354307774318E-002   1.4675110589738524E-002  -4.9325178046061915E-002   0.0000000000000000     
   4.4025331769215588E-002   1.4675110589738524E-002  -3.9959929511247438E-002   2.5086506616242218E-002   3.7084401084879773E-002
   0.0000000000000000       -4.9325178046061915E-002   2.5086506616242218E-002   1.4580710884259496E-002  -4.7990154559387314E-002
   0.0000000000000000        0.0000000000000000        3.7084401084879773E-002  -4.7990154559387314E-002   4.1340710451482188E-002
  -3.8472555277096872E-002   5.0035456161553811E-002  -4.3306083099260172E-002   0.0000000000000000        0.0000000000000000     
   5.0035456161553811E-002  -2.5589204315422782E-002  -1.4630433479479787E-002   4.8644051998319643E-002   0.0000000000000000     
  -4.3306083099260172E-002  -1.4630433479479787E-002   3.9425168113124485E-002  -2.4609929158114413E-002  -3.6653085980170412E-002
   0.0000000000000000        4.8644051998319643E-002  -2.4609929158114413E-002  -1.4526752108300085E-002   4.7361733731792310E-002
   0.0000000000000000        0.0000000000000000       -3.6653085980170412E-002   4.7361733731792310E-002  -4.0742103877194187E-002
   3.7993242629489971E-002  -4.9325178046061915E-002   4.2620539507835412E-002   0.0000000000000000        0.0000000000000000     
  -4.9325178046061915E-002   2.5086506616242218E-002   1.4580710884259496E-002  -4.7990154559387314E-002   0.0000000000000000     
   4.2620539507835412E-002   1.4580710884259496E-002  -3.8910654489946898E-002   2.4157390814157742E-002   3.6236086221236599E-002
   0.0000000000000000       -4.7990154559387314E-002   2.4157390814157742E-002   1.4469248658018741E-002  -4.6757190011951812E-002
   0.0000000000000000        0.0000000000000000        3.6236086221236599E-002  -4.6757190011951812E-002   4.0168500628934775E-002
  -3.7530832995953452E-002   4.8644051998319643E-002  -4.1966172757311328E-002   0.0000000000000000        0.0000000000000000     
   4.8644051998319643E-002  -2.4609929158114413E-002  -1.4526752108300085E-002   4.7361733731792310E-002   0.0000000000000000     
  -4.1966172757311328E-002  -1.4526752108300085E-002   3.8415188908615762E-002  -2.3727028443556786E-002  -3.5832655200473518E-002
   0.0000000000000000        4.7361733731792310E-002  -2.3727028443556786E-002  -1.4408792834617479E-002   4.6175059897377455E-002
   0.0000000000000000        0.0000000000000000       -3.5832655200473518E-002   4.6175059897377455E-002  -3.9618221201065423E-002
   3.7084401084879773E-002  -4.7990154559387314E-002   4.1340710451482188E-002   0.0000000000000000        0.0000000000000000     
  -4.7990154559387314E-002   2.4157390814157742E-002   1.4469248658018741E-002  -4.6757190011951812E-002   0.0000000000000000     
   4.1340710451482188E-002   1.4469248658018741E-002  -3.7937664164317465E-002   2.3317169004646938E-002   3.5442096887063394E-002
   0.0000000000000000       -4.6757190011951812E-002   2.3317169004646938E-002   1.4345893081762436E-002  -4.5614001500657024E-002
   0.0000000000000000        0.0000000000000000        3.5442096887063394E-002  -4.5614001500657024E-002   3.9089738888123775E-002
  -3.6653085980170412E-002   4.7361733731792310E-002  -4.0742103877194187E-002   0.0000000000000000        0.0000000000000000     
   4.7361733731792310E-002  -2.3727028443556786E-002  -1.4408792834617479E-002   4.6175059897377455E-002   0.0000000000000000     
  -4.0742103877194187E-002  -1.4408792834617479E-002   3.7477057225014765E-002  -2.2926305840302672E-002  -3.5063761873404056E-002
   0.0000000000000000        4.6175059897377455E-002  -2.2926305840302672E-002  -1.4280986712011948E-002   4.5072781963021960E-002
   0.0000000000000000        0.0000000000000000       -3.5063761873404056E-002   4.5072781963021960E-002  -3.8581662456579686E-002
   3.6236086221236599E-002  -4.6757190011951812E-002   4.0168500628934775E-002   0.0000000000000000        0.0000000000000000     
  -4.6757190011951812E-002   2.3317169004646938E-002   1.4345893081762436E-002  -4.5614001500657024E-002   0.0000000000000000     
   4.0168500628934775E-002   1.4345893081762436E-002  -3.7032421676177395E-002   2.2553078426212576E-002   3.4697043732634707E-002
   0.0000000000000000       -4.5614001500657024E-002   2.2553078426212576E-002   1.4214450504772269E-002  -4.4550266410179097E-002
   0.0000000000000000        0.0000000000000000        3.4697043732634707E-002  -4.4550266410179097E-002   3.8092721149108992E-002
  -3.5832655200473518E-002   4.6175059897377455E-002  -3.9618221201065423E-002   0.0000000000000000        0.0000000000000000     
   4.6175059897377455E-002  -2.2926305840302672E-002  -1.4280986712011948E-002   4.5072781963021960E-002   0.0000000000000000     
  -3.9618221201065423E-002  -1.4280986712011948E-002   3.6602880898235948E-002  -2.2196255006939405E-002  -3.4341375671113818E-002
   0.0000000000000000        4.5072781963021960E-002  -2.2196255006939405E-002  -1.4146609567412562E-002   4.4045408234112363E-002
   0.0000000000000000        0.0000000000000000       -3.4341375671113818E-002   4.4045408234112363E-002  -3.7621751660507435E-002
   3.5442096887063394E-002  -4.5614001500657024E-002   3.9089738888123775E-002   0.0000000000000000        0.0000000000000000     
  -4.5614001500657024E-002   2.2553078426212576E-002   1.4214450504772269E-002  -4.4550266410179097E-002   0.0000000000000000     
   3.9089738888123775E-002   1.4214450504772269E-002  -3.6187621910066074E-002   2.1854717651087385E-002   3.3996227457247029E-002
   0.0000000000000000       -4.4550266410179097E-002   2.1854717651087385E-002   1.4077744772496820E-002  -4.3557240518437665E-002
   0.0000000000000000        0.0000000000000000        3.3996227457247029E-002  -4.3557240518437665E-002   3.7167686787099308E-002
  -3.5063761873404056E-002   4.5072781963021960E-002  -3.8581662456579686E-002   0.0000000000000000        0.0000000000000000     
   4.5072781963021960E-002  -2.2196255006939405E-002  -1.4146609567412562E-002   4.4045408234112363E-002   0.0000000000000000     
  -3.8581662456579686E-002  -1.4146609567412562E-002   3.5785889814798522E-002  -2.1527449341714740E-002  -3.3661102607044857E-002
   0.0000000000000000        4.4045408234112363E-002  -2.1527449341714740E-002  -1.4008099022529360E-002   4.3084868452954443E-002
   0.0000000000000000        0.0000000000000000       -3.3661102607044857E-002   4.3084868452954443E-002  -3.6729545502181132E-002
   3.4697043732634707E-002  -4.4550266410179097E-002   3.8092721149108992E-002   0.0000000000000000        0.0000000000000000     
  -4.4550266410179097E-002   2.1854717651087385E-002   1.4077744772496820E-002  -4.3557240518437665E-002   0.0000000000000000     
   3.8092721149108992E-002   1.4077744772496820E-002  -3.5396982788418095E-002   2.1213522786090303E-002   3.3335535806713334E-002
   0.0000000000000000       -4.3557240518437665E-002   2.1213522786090303E-002   1.3937882545162240E-002  -4.2627462606363346E-002
   0.0000000000000000        0.0000000000000000        3.3335535806713334E-002  -4.2627462606363346E-002   3.6306424251199280E-002
  -3.4341375671113818E-002   4.4045408234112363E-002  -3.7621751660507435E-002   0.0000000000000000        0.0000000000000000     
   4.4045408234112363E-002  -2.1527449341714740E-002  -1.4008099022529360E-002   4.3084868452954443E-002   0.0000000000000000     
  -3.7621751660507435E-002  -1.4008099022529360E-002   3.5020247556323394E-002  -2.0912090683633131E-002  -3.3019090553104931E-002
   0.0000000000000000        4.3084868452954443E-002  -2.0912090683633131E-002  -1.3867277383476546E-002   4.2184252945570780E-002
   0.0000000000000000        0.0000000000000000       -3.3019090553104931E-002   4.2184252945570780E-002  -3.5897489293951028E-002
   3.3996227457247029E-002  -4.3557240518437665E-002   3.7167686787099308E-002   0.0000000000000000        0.0000000000000000     
  -4.3557240518437665E-002   2.1213522786090303E-002   1.3937882545162240E-002  -4.2627462606363346E-002   0.0000000000000000     
   3.7167686787099308E-002   1.3937882545162240E-002  -3.4655075307869355E-002   2.0622377235189036E-002   3.2711356993748122E-002
   0.0000000000000000       -4.2627462606363346E-002   2.0622377235189036E-002   1.3796441215455747E-002  -4.1754523506275946E-002
   0.0000000000000000        0.0000000000000000        3.2711356993748122E-002  -4.1754523506275946E-002   3.5501969948635352E-002
  -3.3661102607044857E-002   4.3084868452954443E-002  -3.6729545502181132E-002   0.0000000000000000        0.0000000000000000     
   4.3084868452954443E-002  -2.0912090683633131E-002  -1.3867277383476546E-002   4.2184252945570780E-002   0.0000000000000000     
  -3.6729545502181132E-002  -1.3867277383476546E-002   3.4300898003669561E-002  -2.0343670712840736E-002  -3.2411949949271664E-002
   0.0000000000000000        4.2184252945570780E-002  -2.0343670712840736E-002  -1.3725510612393053E-002   4.1337607633197965E-002
   0.0000000000000000        0.0000000000000000       -3.2411949949271664E-002   4.1337607633197965E-002  -3.5119152615256923E-002
   3.3335535806713334E-002  -4.2627462606363346E-002   3.6306424251199280E-002   0.0000000000000000        0.0000000000000000     
  -4.2627462606363346E-002   2.0622377235189036E-002   1.3796441215455747E-002  -4.1754523506275946E-002   0.0000000000000000     
   3.6306424251199280E-002   1.3796441215455747E-002  -3.3957185034945173E-002   2.0075316938898448E-002   3.2120507102237489E-002
   0.0000000000000000       -4.1754523506275946E-002   2.0075316938898448E-002   1.3654603826398267E-002  -4.0932883719799397E-002
   0.0000000000000000        0.0000000000000000        3.2120507102237489E-002  -4.0932883719799397E-002   3.4748375474640887E-002
  -3.3019090553104931E-002   4.2184252945570780E-002  -3.5897489293951028E-002   0.0000000000000000        0.0000000000000000     
   4.2184252945570780E-002  -2.0343670712840736E-002  -1.3725510612393053E-002   4.1337607633197965E-002   0.0000000000000000     
  -3.5897489293951028E-002  -1.3725510612393053E-002   3.3623440198406684E-002  -1.9816713546887021E-002  -3.1836687337621739E-002
   0.0000000000000000        4.1337607633197965E-002  -1.9816713546887021E-002  -1.3583823181372946E-002   4.0539771387081022E-002
   0.0000000000000000        0.0000000000000000       -3.1836687337621739E-002   4.0539771387081022E-002  -3.4389023774888720E-002
   3.2711356993748122E-002  -4.1754523506275946E-002   3.5501969948635352E-002   0.0000000000000000        0.0000000000000000     
  -4.1754523506275946E-002   2.0075316938898448E-002   1.3654603826398267E-002  -4.0932883719799397E-002   0.0000000000000000     
   3.5501969948635352E-002   1.3654603826398267E-002  -3.3299198953999437E-002   1.9567304917263113E-002   3.1560169221392091E-002
   0.0000000000000000       -4.0932883719799397E-002   1.9567304917263113E-002   1.3513257129026995E-002  -4.0157728049244577E-002
   0.0000000000000000        0.0000000000000000        3.1560169221392091E-002  -4.0157728049244577E-002   3.4040525630085056E-002
  -3.2411949949271664E-002   4.1337607633197965E-002  -3.5119152615256923E-002   0.0000000000000000        0.0000000000000000     
   4.1337607633197965E-002  -1.9816713546887021E-002  -1.3583823181372946E-002   4.0539771387081022E-002   0.0000000000000000     
  -3.5119152615256923E-002  -1.3583823181372946E-002   3.2984025936341879E-002  -1.9326577697075326E-002  -3.1290649604788612E-002
   0.0000000000000000        4.0539771387081022E-002  -1.9326577697075326E-002  -1.3442982021092859E-002   3.9786245821015351E-002
   0.0000000000000000        0.0000000000000000       -3.1290649604788612E-002   3.9786245821015351E-002  -3.3702348266929742E-002
   3.2120507102237489E-002  -4.0932883719799397E-002   3.4748375474640887E-002   0.0000000000000000        0.0000000000000000     
  -4.0932883719799397E-002   1.9567304917263113E-002   1.3513257129026995E-002  -4.0157728049244577E-002   0.0000000000000000     
   3.4748375474640887E-002   1.3513257129026995E-002  -3.2677512693828931E-002   1.9094056826469329E-002   3.1027842343012646E-002
   0.0000000000000000       -4.0157728049244577E-002   1.9094056826469329E-002   1.3373063640390568E-002  -3.9424848727367880E-002
   0.0000000000000000        0.0000000000000000        3.1027842343012646E-002  -3.9424848727367880E-002   3.3373994664087761E-002
  -3.1836687337621739E-002   4.0539771387081022E-002  -3.4389023774888720E-002   0.0000000000000000        0.0000000000000000     
   4.0539771387081022E-002  -1.9326577697075326E-002  -1.3442982021092859E-002   3.9786245821015351E-002   0.0000000000000000     
  -3.4389023774888720E-002  -1.3442982021092859E-002   3.2379275632200409E-002  -1.8869302006351278E-002  -3.0771477118049770E-002
   0.0000000000000000        3.9786245821015351E-002  -1.8869302006351278E-002  -1.3303558526419654E-002   3.9073090181484742E-002
   0.0000000000000000        0.0000000000000000       -3.0771477118049770E-002   3.9073090181484742E-002  -3.3055000536737600E-002
   3.1560169221392091E-002  -4.0157728049244577E-002   3.4040525630085056E-002   0.0000000000000000        0.0000000000000000     
  -4.0157728049244577E-002   1.9094056826469329E-002   1.3373063640390568E-002  -3.9424848727367880E-002   0.0000000000000000     
   3.4040525630085056E-002   1.3373063640390568E-002  -3.2088954141894117E-002   1.8651904551071040E-002   3.0521298356298101E-002
   0.0000000000000000       -3.9424848727367880E-002   1.8651904551071040E-002   1.3234515125414133E-002  -3.8730550701135735E-002
   0.0000000000000000        0.0000000000000000        3.0521298356298101E-002  -3.8730550701135735E-002   3.2744931625294113E-002
  -3.1290649604788612E-002   3.9786245821015351E-002  -3.3702348266929742E-002   0.0000000000000000        0.0000000000000000     
   3.9786245821015351E-002  -1.8869302006351278E-002  -1.3303558526419654E-002   3.9073090181484742E-002   0.0000000000000000     
  -3.3702348266929742E-002  -1.3303558526419654E-002   3.1806208890750427E-002  -1.8441484578002369E-002  -3.0277064232541229E-002
   0.0000000000000000        3.9073090181484742E-002  -1.8441484578002369E-002  -1.3165974790056496E-002   3.8396835837405031E-002
   0.0000000000000000        0.0000000000000000       -3.0277064232541229E-002   3.8396835837405031E-002  -3.2443381252794695E-002
   3.1027842343012646E-002  -3.9424848727367880E-002   3.3373994664087761E-002   0.0000000000000000        0.0000000000000000     
  -3.9424848727367880E-002   1.8651904551071040E-002   1.3234515125414133E-002  -3.8730550701135735E-002   0.0000000000000000     
   3.3373994664087761E-002   1.3234515125414133E-002  -3.1530720265632896E-002   1.8237688492648778E-002   3.0038545752597963E-002
   0.0000000000000000       -3.8730550701135735E-002   1.8237688492648778E-002   1.3097972650117664E-002  -3.8071574292913780E-002
   0.0000000000000000        0.0000000000000000        3.0038545752597963E-002  -3.8071574292913780E-002   3.2149968120124696E-002
  -3.0771477118049770E-002   3.9073090181484742E-002  -3.3055000536737600E-002   0.0000000000000000        0.0000000000000000     
   3.9073090181484742E-002  -1.8441484578002369E-002  -1.3165974790056496E-002   3.8396835837405031E-002   0.0000000000000000     
  -3.3055000536737600E-002  -1.3165974790056496E-002   3.1262186948304335E-002  -1.8040186733609302E-002  -2.9805525907702354E-002
   0.0000000000000000        3.8396835837405031E-002  -1.8040186733609302E-002  -1.3030538372024107E-002   3.7754416209465985E-002
   0.0000000000000000        0.0000000000000000       -2.9805525907702354E-002   3.7754416209465985E-002  -3.1864334312258984E-002
   3.0521298356298101E-002  -3.8730550701135735E-002   3.2744931625294113E-002   0.0000000000000000        0.0000000000000000     
  -3.8730550701135735E-002   1.8237688492648778E-002   1.3097972650117664E-002  -3.8071574292913780E-002   0.0000000000000000     
   3.2744931625294113E-002   1.3097972650117664E-002  -3.1000324612471052E-002   1.7848671746574250E-002   2.9577798894323031E-002
   0.0000000000000000       -3.8071574292913780E-002   1.7848671746574250E-002   1.2963696822630936E-002  -3.7445031607448255E-002
   0.0000000000000000        0.0000000000000000        2.9577798894323031E-002  -3.7445031607448255E-002   3.1586143492119793E-002
  -3.0277064232541229E-002   3.8396835837405031E-002  -3.2443381252794695E-002   0.0000000000000000        0.0000000000000000     
   3.8396835837405031E-002  -1.8040186733609302E-002  -1.3030538372024107E-002   3.7754416209465985E-002   0.0000000000000000     
  -3.2443381252794695E-002  -1.3030538372024107E-002   3.0744864730305702E-002  -1.7662856160630416E-002  -2.9355169393723818E-002
   0.0000000000000000        3.7754416209465985E-002  -1.7662856160630416E-002  -1.2897468650200063E-002   3.7143108961398656E-002
   0.0000000000000000        0.0000000000000000       -2.9355169393723818E-002   3.7143108961398656E-002  -3.1315079261587941E-002
   3.0038545752597963E-002  -3.8071574292913780E-002   3.2149968120124696E-002   0.0000000000000000        0.0000000000000000     
  -3.8071574292913780E-002   1.7848671746574250E-002   1.2963696822630936E-002  -3.7445031607448255E-002   0.0000000000000000     
   3.2149968120124696E-002   1.2963696822630936E-002  -3.0495553477998462E-002   1.7482471143662276E-002   2.9137451906103798E-002
   0.0000000000000000       -3.7445031607448255E-002   1.7482471143662276E-002   1.2831870793673684E-002  -3.6848353897971156E-002
   0.0000000000000000        0.0000000000000000        2.9137451906103798E-002  -3.6848353897971156E-002   3.1050843671731710E-002
